{"data": [[4.474140362495431e-15, 2.3296758611484814e-14, 1.0976198354902446e-13, 4.679279052815685e-13, 1.8049970483586804e-12, 6.3000587359781304e-12, 1.9896800830595183e-11, 5.685811513943025e-11, 1.4701857752651778e-10, 3.439715520845538e-10, 7.281877814772879e-10, 1.3948734266087968e-09, 2.417668576212725e-09, 3.791659088551094e-09, 5.380620367891553e-09, 6.9088533099205e-09, 8.026942353452265e-09, 8.43849248846088e-09, 8.026942353452265e-09, 6.9088533099205e-09, 5.380620367891553e-09, 3.791659088551094e-09, 2.417668576212725e-09, 1.3948734266087968e-09, 7.281877814772879e-10, 3.439715520845538e-10, 1.4701857752651778e-10, 5.685811513943025e-11, 1.9896800830595183e-11, 6.3000587359781304e-12, 1.8049970483586804e-12, 4.679279052815685e-13, 1.0976198354902446e-13, 2.3296758611484814e-14], [2.3296758611484814e-14, 1.2130575212867967e-13, 5.715284341310181e-13, 2.4364911633756467e-12, 9.398583218922806e-12, 3.280427874828626e-11, 1.0360224055032424e-10, 2.960590585424831e-10, 7.655227674012536e-10, 1.7910529328280182e-09, 3.791659088551094e-09, 7.263077793821226e-09, 1.2588751505146312e-08, 1.974309238562865e-08, 2.8016781713324292e-08, 3.597425981370072e-08, 4.179612690836143e-08, 4.3939060159224585e-08, 4.179612690836143e-08, 3.597425981370072e-08, 2.8016781713324292e-08, 1.974309238562865e-08, 1.2588751505146312e-08, 7.263077793821226e-09, 3.791659088551094e-09, 1.7910529328280182e-09, 7.655227674012536e-10, 2.960590585424831e-10, 1.0360224055032424e-10, 3.280427874828626e-11, 9.398583218922806e-12, 2.4364911633756467e-12, 5.715284341310181e-13, 1.2130575212867967e-13], [1.0976198354902446e-13, 5.715284341310181e-13, 2.69273917591107e-12, 1.1479455466390194e-11, 4.428114459455254e-11, 1.5455638118394595e-10, 4.881188672024464e-10, 1.3948734266087968e-09, 3.6067376927053564e-09, 8.438492488460912e-09, 1.786428873825768e-08, 3.421977445942567e-08, 5.931152735254121e-08, 9.301899108702376e-08, 1.3200023165448103e-07, 1.6949165245302342e-07, 1.9692120567652354e-07, 2.0701757179124758e-07, 1.9692120567652354e-07, 1.6949165245302342e-07, 1.3200023165448103e-07, 9.301899108702376e-08, 5.931152735254121e-08, 3.421977445942567e-08, 1.786428873825768e-08, 8.438492488460912e-09, 3.6067376927053564e-09, 1.3948734266087968e-09, 4.881188672024464e-10, 1.5455638118394595e-10, 4.428114459455254e-11, 1.1479455466390194e-11, 2.69273917591107e-12, 5.715284341310181e-13], [4.679279052815685e-13, 2.4364911633756467e-12, 1.1479455466390194e-11, 4.893823322500203e-11, 1.8877559026932602e-10, 6.588915520372442e-10, 2.080906627898508e-09, 5.946505151799223e-09, 1.5375935810178683e-08, 3.597425981370072e-08, 7.61575086232331e-08, 1.4588281720378068e-07, 2.5285183317345056e-07, 3.9655061108944957e-07, 5.627321035718641e-07, 7.225623237724321e-07, 8.39497650264131e-07, 8.825396151982696e-07, 8.39497650264131e-07, 7.225623237724321e-07, 5.627321035718641e-07, 3.9655061108944957e-07, 2.5285183317345056e-07, 1.4588281720378068e-07, 7.61575086232331e-08, 3.597425981370072e-08, 1.5375935810178683e-08, 5.946505151799223e-09, 2.080906627898508e-09, 6.588915520372442e-10, 1.8877559026932602e-10, 4.893823322500203e-11, 1.1479455466390194e-11, 2.4364911633756467e-12], [1.8049970483586804e-12, 9.398583218922806e-12, 4.428114459455254e-11, 1.8877559026932602e-10, 7.281877814772905e-10, 2.5416250947890233e-09, 8.026942353452265e-09, 2.2938200790971444e-08, 5.931152735254121e-08, 1.3876802825329553e-07, 2.9377191811753475e-07, 5.627321035718641e-07, 9.753571167668019e-07, 1.5296644514299317e-06, 2.170697183260926e-06, 2.787230355239517e-06, 3.2382996690889833e-06, 3.4043308435172935e-06, 3.2382996690889833e-06, 2.787230355239517e-06, 2.170697183260926e-06, 1.5296644514299317e-06, 9.753571167668019e-07, 5.627321035718641e-07, 2.9377191811753475e-07, 1.3876802825329553e-07, 5.931152735254121e-08, 2.2938200790971444e-08, 8.026942353452265e-09, 2.5416250947890233e-09, 7.281877814772905e-10, 1.8877559026932602e-10, 4.428114459455254e-11, 9.398583218922806e-12], [6.3000587359781304e-12, 3.280427874828626e-11, 1.5455638118394595e-10, 6.588915520372442e-10, 2.5416250947890233e-09, 8.871143250105152e-09, 2.8016781713324292e-08, 8.006218758761282e-08, 2.0701757179124758e-07, 4.843480101347559e-07, 1.0253647455015941e-06, 1.9641280346397435e-06, 3.4043308435172935e-06, 5.339053545328193e-06, 7.576477626377028e-06, 9.728389841234114e-06, 1.1302776444155743e-05, 1.1882282184540716e-05, 1.1302776444155743e-05, 9.728389841234114e-06, 7.576477626377028e-06, 5.339053545328193e-06, 3.4043308435172935e-06, 1.9641280346397435e-06, 1.0253647455015941e-06, 4.843480101347559e-07, 2.0701757179124758e-07, 8.006218758761282e-08, 2.8016781713324292e-08, 8.871143250105152e-09, 2.5416250947890233e-09, 6.588915520372442e-10, 1.5455638118394595e-10, 3.280427874828626e-11], [1.9896800830595183e-11, 1.0360224055032424e-10, 4.881188672024464e-10, 2.080906627898508e-09, 8.026942353452265e-09, 2.8016781713324292e-08, 8.848240135934659e-08, 2.5285183317345056e-07, 6.538014274123096e-07, 1.5296644514299317e-06, 3.2382996690889833e-06, 6.203095232722127e-06, 1.0751533532234488e-05, 1.686176105130949e-05, 2.3927977920047058e-05, 3.07241318192835e-05, 3.5696348425741145e-05, 3.752653934614948e-05, 3.5696348425741145e-05, 3.07241318192835e-05, 2.3927977920047058e-05, 1.686176105130949e-05, 1.0751533532234488e-05, 6.203095232722127e-06, 3.2382996690889833e-06, 1.5296644514299317e-06, 6.538014274123096e-07, 2.5285183317345056e-07, 8.848240135934659e-08, 2.8016781713324292e-08, 8.026942353452265e-09, 2.080906627898508e-09, 4.881188672024464e-10, 1.0360224055032424e-10], [5.685811513943025e-11, 2.960590585424831e-10, 1.3948734266087968e-09, 5.946505151799223e-09, 2.2938200790971444e-08, 8.006218758761282e-08, 2.5285183317345056e-07, 7.225623237724308e-07, 1.8683363800360802e-06, 4.371247329890215e-06, 9.253930669995695e-06, 1.7726282027240682e-05, 3.07241318192835e-05, 4.818503032078851e-05, 6.83778128562131e-05, 8.779884964489543e-05, 0.0001020077099895915, 0.00010723775711956544, 0.0001020077099895915, 8.779884964489543e-05, 6.83778128562131e-05, 4.818503032078851e-05, 3.07241318192835e-05, 1.7726282027240682e-05, 9.253930669995695e-06, 4.371247329890215e-06, 1.8683363800360802e-06, 7.225623237724308e-07, 2.5285183317345056e-07, 8.006218758761282e-08, 2.2938200790971444e-08, 5.946505151799223e-09, 1.3948734266087968e-09, 2.960590585424831e-10], [1.4701857752651778e-10, 7.655227674012536e-10, 3.6067376927053564e-09, 1.5375935810178683e-08, 5.931152735254121e-08, 2.0701757179124758e-07, 6.538014274123096e-07, 1.8683363800360802e-06, 4.830975424710491e-06, 1.1302776444155743e-05, 2.3927977920047058e-05, 4.5835018661593074e-05, 7.944368441921464e-05, 0.00012459249833488969, 0.00017680517118520163, 0.00022702233360362602, 0.0002637623210447761, 0.0002772857044274268, 0.0002637623210447761, 0.00022702233360362602, 0.00017680517118520163, 0.00012459249833488969, 7.944368441921464e-05, 4.5835018661593074e-05, 2.3927977920047058e-05, 1.1302776444155743e-05, 4.830975424710491e-06, 1.8683363800360802e-06, 6.538014274123096e-07, 2.0701757179124758e-07, 5.931152735254121e-08, 1.5375935810178683e-08, 3.6067376927053564e-09, 7.655227674012536e-10], [3.439715520845538e-10, 1.7910529328280182e-09, 8.438492488460912e-09, 3.597425981370072e-08, 1.3876802825329553e-07, 4.843480101347559e-07, 1.5296644514299317e-06, 4.371247329890215e-06, 1.1302776444155743e-05, 2.6444505325592222e-05, 5.59830182135927e-05, 0.00010723775711956544, 0.00018587016615681767, 0.0002915024465028193, 0.0004136616621676928, 0.0005311520881326155, 0.0006171106840891039, 0.0006487506254477104, 0.0006171106840891039, 0.0005311520881326155, 0.0004136616621676928, 0.0002915024465028193, 0.00018587016615681767, 0.00010723775711956544, 5.59830182135927e-05, 2.6444505325592222e-05, 1.1302776444155743e-05, 4.371247329890215e-06, 1.5296644514299317e-06, 4.843480101347559e-07, 1.3876802825329553e-07, 3.597425981370072e-08, 8.438492488460912e-09, 1.7910529328280182e-09], [7.281877814772879e-10, 3.791659088551094e-09, 1.786428873825768e-08, 7.61575086232331e-08, 2.9377191811753475e-07, 1.0253647455015941e-06, 3.2382996690889833e-06, 9.253930669995695e-06, 2.3927977920047058e-05, 5.59830182135927e-05, 0.00011851605048820341, 0.00022702233360362602, 0.0003934871448417833, 0.0006171106840891039, 0.0008757217456810323, 0.001124448979400604, 0.001306423328468492, 0.0013734050848502857, 0.001306423328468492, 0.001124448979400604, 0.0008757217456810323, 0.0006171106840891039, 0.0003934871448417833, 0.00022702233360362602, 0.00011851605048820341, 5.59830182135927e-05, 2.3927977920047058e-05, 9.253930669995695e-06, 3.2382996690889833e-06, 1.0253647455015941e-06, 2.9377191811753475e-07, 7.61575086232331e-08, 1.786428873825768e-08, 3.791659088551094e-09], [1.3948734266087968e-09, 7.263077793821226e-09, 3.421977445942567e-08, 1.4588281720378068e-07, 5.627321035718641e-07, 1.9641280346397435e-06, 6.203095232722127e-06, 1.7726282027240682e-05, 4.5835018661593074e-05, 0.00010723775711956544, 0.00022702233360362602, 0.00043487054911575917, 0.0007537406916365408, 0.001182100711393375, 0.0016774807587073414, 0.0021539279301848627, 0.0025025072256576295, 0.0026308135148060178, 0.0025025072256576295, 0.0021539279301848627, 0.0016774807587073414, 0.001182100711393375, 0.0007537406916365408, 0.00043487054911575917, 0.00022702233360362602, 0.00010723775711956544, 4.5835018661593074e-05, 1.7726282027240682e-05, 6.203095232722127e-06, 1.9641280346397435e-06, 5.627321035718641e-07, 1.4588281720378068e-07, 3.421977445942567e-08, 7.263077793821226e-09], [2.417668576212725e-09, 1.2588751505146312e-08, 5.931152735254121e-08, 2.5285183317345056e-07, 9.753571167668019e-07, 3.4043308435172935e-06, 1.0751533532234488e-05, 3.07241318192835e-05, 7.944368441921464e-05, 0.00018587016615681767, 0.0003934871448417833, 0.0007537406916365408, 0.001306423328468492, 0.00204887962544576, 0.002907498587443987, 0.003733302085261785, 0.004337478201106044, 0.004559865463983859, 0.004337478201106044, 0.003733302085261785, 0.002907498587443987, 0.00204887962544576, 0.001306423328468492, 0.0007537406916365408, 0.0003934871448417833, 0.00018587016615681767, 7.944368441921464e-05, 3.07241318192835e-05, 1.0751533532234488e-05, 3.4043308435172935e-06, 9.753571167668019e-07, 2.5285183317345056e-07, 5.931152735254121e-08, 1.2588751505146312e-08], [3.791659088551094e-09, 1.974309238562865e-08, 9.301899108702376e-08, 3.9655061108944957e-07, 1.5296644514299317e-06, 5.339053545328193e-06, 1.686176105130949e-05, 4.818503032078851e-05, 0.00012459249833488969, 0.0002915024465028193, 0.0006171106840891039, 0.001182100711393375, 0.00204887962544576, 0.0032132828831891213, 0.004559865463983859, 0.005854983152431915, 0.006802519917092593, 0.007151292571361669, 0.006802519917092593, 0.005854983152431915, 0.004559865463983859, 0.0032132828831891213, 0.00204887962544576, 0.001182100711393375, 0.0006171106840891039, 0.0002915024465028193, 0.00012459249833488969, 4.818503032078851e-05, 1.686176105130949e-05, 5.339053545328193e-06, 1.5296644514299317e-06, 3.9655061108944957e-07, 9.301899108702376e-08, 1.974309238562865e-08], [5.380620367891553e-09, 2.8016781713324292e-08, 1.3200023165448103e-07, 5.627321035718641e-07, 2.170697183260926e-06, 7.576477626377028e-06, 2.3927977920047058e-05, 6.83778128562131e-05, 0.00017680517118520163, 0.0004136616621676928, 0.0008757217456810323, 0.0016774807587073414, 0.002907498587443987, 0.004559865463983859, 0.006470757105890628, 0.008308616589176377, 0.00965323526300539, 0.010148167218515372, 0.00965323526300539, 0.008308616589176377, 0.006470757105890628, 0.004559865463983859, 0.002907498587443987, 0.0016774807587073414, 0.0008757217456810323, 0.0004136616621676928, 0.00017680517118520163, 6.83778128562131e-05, 2.3927977920047058e-05, 7.576477626377028e-06, 2.170697183260926e-06, 5.627321035718641e-07, 1.3200023165448103e-07, 2.8016781713324292e-08], [6.9088533099205e-09, 3.597425981370072e-08, 1.6949165245302342e-07, 7.225623237724321e-07, 2.787230355239517e-06, 9.728389841234114e-06, 3.07241318192835e-05, 8.779884964489543e-05, 0.00022702233360362602, 0.0005311520881326155, 0.001124448979400604, 0.0021539279301848627, 0.003733302085261785, 0.005854983152431915, 0.008308616589176377, 0.01066847487801588, 0.012394999430965295, 0.013030504641371078, 0.012394999430965295, 0.01066847487801588, 0.008308616589176377, 0.005854983152431915, 0.003733302085261785, 0.0021539279301848627, 0.001124448979400604, 0.0005311520881326155, 0.00022702233360362602, 8.779884964489543e-05, 3.07241318192835e-05, 9.728389841234114e-06, 2.787230355239517e-06, 7.225623237724321e-07, 1.6949165245302342e-07, 3.597425981370072e-08], [8.026942353452265e-09, 4.179612690836143e-08, 1.9692120567652354e-07, 8.39497650264131e-07, 3.2382996690889833e-06, 1.1302776444155743e-05, 3.5696348425741145e-05, 0.0001020077099895915, 0.0002637623210447761, 0.0006171106840891039, 0.001306423328468492, 0.0025025072256576295, 0.004337478201106044, 0.006802519917092593, 0.00965323526300539, 0.012394999430965295, 0.014400934777493069, 0.01513928649237475, 0.014400934777493069, 0.012394999430965295, 0.00965323526300539, 0.006802519917092593, 0.004337478201106044, 0.0025025072256576295, 0.001306423328468492, 0.0006171106840891039, 0.0002637623210447761, 0.0001020077099895915, 3.5696348425741145e-05, 1.1302776444155743e-05, 3.2382996690889833e-06, 8.39497650264131e-07, 1.9692120567652354e-07, 4.179612690836143e-08], [8.43849248846088e-09, 4.3939060159224585e-08, 2.0701757179124758e-07, 8.825396151982696e-07, 3.4043308435172935e-06, 1.1882282184540716e-05, 3.752653934614948e-05, 0.00010723775711956544, 0.0002772857044274268, 0.0006487506254477104, 0.0013734050848502857, 0.0026308135148060178, 0.004559865463983859, 0.007151292571361669, 0.010148167218515372, 0.013030504641371078, 0.01513928649237475, 0.015915494309189534, 0.01513928649237475, 0.013030504641371078, 0.010148167218515372, 0.007151292571361669, 0.004559865463983859, 0.0026308135148060178, 0.0013734050848502857, 0.0006487506254477104, 0.0002772857044274268, 0.00010723775711956544, 3.752653934614948e-05, 1.1882282184540716e-05, 3.4043308435172935e-06, 8.825396151982696e-07, 2.0701757179124758e-07, 4.3939060159224585e-08], [8.026942353452265e-09, 4.179612690836143e-08, 1.9692120567652354e-07, 8.39497650264131e-07, 3.2382996690889833e-06, 1.1302776444155743e-05, 3.5696348425741145e-05, 0.0001020077099895915, 0.0002637623210447761, 0.0006171106840891039, 0.001306423328468492, 0.0025025072256576295, 0.004337478201106044, 0.006802519917092593, 0.00965323526300539, 0.012394999430965295, 0.014400934777493069, 0.01513928649237475, 0.014400934777493069, 0.012394999430965295, 0.00965323526300539, 0.006802519917092593, 0.004337478201106044, 0.0025025072256576295, 0.001306423328468492, 0.0006171106840891039, 0.0002637623210447761, 0.0001020077099895915, 3.5696348425741145e-05, 1.1302776444155743e-05, 3.2382996690889833e-06, 8.39497650264131e-07, 1.9692120567652354e-07, 4.179612690836143e-08], [6.9088533099205e-09, 3.597425981370072e-08, 1.6949165245302342e-07, 7.225623237724321e-07, 2.787230355239517e-06, 9.728389841234114e-06, 3.07241318192835e-05, 8.779884964489543e-05, 0.00022702233360362602, 0.0005311520881326155, 0.001124448979400604, 0.0021539279301848627, 0.003733302085261785, 0.005854983152431915, 0.008308616589176377, 0.01066847487801588, 0.012394999430965295, 0.013030504641371078, 0.012394999430965295, 0.01066847487801588, 0.008308616589176377, 0.005854983152431915, 0.003733302085261785, 0.0021539279301848627, 0.001124448979400604, 0.0005311520881326155, 0.00022702233360362602, 8.779884964489543e-05, 3.07241318192835e-05, 9.728389841234114e-06, 2.787230355239517e-06, 7.225623237724321e-07, 1.6949165245302342e-07, 3.597425981370072e-08], [5.380620367891553e-09, 2.8016781713324292e-08, 1.3200023165448103e-07, 5.627321035718641e-07, 2.170697183260926e-06, 7.576477626377028e-06, 2.3927977920047058e-05, 6.83778128562131e-05, 0.00017680517118520163, 0.0004136616621676928, 0.0008757217456810323, 0.0016774807587073414, 0.002907498587443987, 0.004559865463983859, 0.006470757105890628, 0.008308616589176377, 0.00965323526300539, 0.010148167218515372, 0.00965323526300539, 0.008308616589176377, 0.006470757105890628, 0.004559865463983859, 0.002907498587443987, 0.0016774807587073414, 0.0008757217456810323, 0.0004136616621676928, 0.00017680517118520163, 6.83778128562131e-05, 2.3927977920047058e-05, 7.576477626377028e-06, 2.170697183260926e-06, 5.627321035718641e-07, 1.3200023165448103e-07, 2.8016781713324292e-08], [3.791659088551094e-09, 1.974309238562865e-08, 9.301899108702376e-08, 3.9655061108944957e-07, 1.5296644514299317e-06, 5.339053545328193e-06, 1.686176105130949e-05, 4.818503032078851e-05, 0.00012459249833488969, 0.0002915024465028193, 0.0006171106840891039, 0.001182100711393375, 0.00204887962544576, 0.0032132828831891213, 0.004559865463983859, 0.005854983152431915, 0.006802519917092593, 0.007151292571361669, 0.006802519917092593, 0.005854983152431915, 0.004559865463983859, 0.0032132828831891213, 0.00204887962544576, 0.001182100711393375, 0.0006171106840891039, 0.0002915024465028193, 0.00012459249833488969, 4.818503032078851e-05, 1.686176105130949e-05, 5.339053545328193e-06, 1.5296644514299317e-06, 3.9655061108944957e-07, 9.301899108702376e-08, 1.974309238562865e-08], [2.417668576212725e-09, 1.2588751505146312e-08, 5.931152735254121e-08, 2.5285183317345056e-07, 9.753571167668019e-07, 3.4043308435172935e-06, 1.0751533532234488e-05, 3.07241318192835e-05, 7.944368441921464e-05, 0.00018587016615681767, 0.0003934871448417833, 0.0007537406916365408, 0.001306423328468492, 0.00204887962544576, 0.002907498587443987, 0.003733302085261785, 0.004337478201106044, 0.004559865463983859, 0.004337478201106044, 0.003733302085261785, 0.002907498587443987, 0.00204887962544576, 0.001306423328468492, 0.0007537406916365408, 0.0003934871448417833, 0.00018587016615681767, 7.944368441921464e-05, 3.07241318192835e-05, 1.0751533532234488e-05, 3.4043308435172935e-06, 9.753571167668019e-07, 2.5285183317345056e-07, 5.931152735254121e-08, 1.2588751505146312e-08], [1.3948734266087968e-09, 7.263077793821226e-09, 3.421977445942567e-08, 1.4588281720378068e-07, 5.627321035718641e-07, 1.9641280346397435e-06, 6.203095232722127e-06, 1.7726282027240682e-05, 4.5835018661593074e-05, 0.00010723775711956544, 0.00022702233360362602, 0.00043487054911575917, 0.0007537406916365408, 0.001182100711393375, 0.0016774807587073414, 0.0021539279301848627, 0.0025025072256576295, 0.0026308135148060178, 0.0025025072256576295, 0.0021539279301848627, 0.0016774807587073414, 0.001182100711393375, 0.0007537406916365408, 0.00043487054911575917, 0.00022702233360362602, 0.00010723775711956544, 4.5835018661593074e-05, 1.7726282027240682e-05, 6.203095232722127e-06, 1.9641280346397435e-06, 5.627321035718641e-07, 1.4588281720378068e-07, 3.421977445942567e-08, 7.263077793821226e-09], [7.281877814772879e-10, 3.791659088551094e-09, 1.786428873825768e-08, 7.61575086232331e-08, 2.9377191811753475e-07, 1.0253647455015941e-06, 3.2382996690889833e-06, 9.253930669995695e-06, 2.3927977920047058e-05, 5.59830182135927e-05, 0.00011851605048820341, 0.00022702233360362602, 0.0003934871448417833, 0.0006171106840891039, 0.0008757217456810323, 0.001124448979400604, 0.001306423328468492, 0.0013734050848502857, 0.001306423328468492, 0.001124448979400604, 0.0008757217456810323, 0.0006171106840891039, 0.0003934871448417833, 0.00022702233360362602, 0.00011851605048820341, 5.59830182135927e-05, 2.3927977920047058e-05, 9.253930669995695e-06, 3.2382996690889833e-06, 1.0253647455015941e-06, 2.9377191811753475e-07, 7.61575086232331e-08, 1.786428873825768e-08, 3.791659088551094e-09], [3.439715520845538e-10, 1.7910529328280182e-09, 8.438492488460912e-09, 3.597425981370072e-08, 1.3876802825329553e-07, 4.843480101347559e-07, 1.5296644514299317e-06, 4.371247329890215e-06, 1.1302776444155743e-05, 2.6444505325592222e-05, 5.59830182135927e-05, 0.00010723775711956544, 0.00018587016615681767, 0.0002915024465028193, 0.0004136616621676928, 0.0005311520881326155, 0.0006171106840891039, 0.0006487506254477104, 0.0006171106840891039, 0.0005311520881326155, 0.0004136616621676928, 0.0002915024465028193, 0.00018587016615681767, 0.00010723775711956544, 5.59830182135927e-05, 2.6444505325592222e-05, 1.1302776444155743e-05, 4.371247329890215e-06, 1.5296644514299317e-06, 4.843480101347559e-07, 1.3876802825329553e-07, 3.597425981370072e-08, 8.438492488460912e-09, 1.7910529328280182e-09], [1.4701857752651778e-10, 7.655227674012536e-10, 3.6067376927053564e-09, 1.5375935810178683e-08, 5.931152735254121e-08, 2.0701757179124758e-07, 6.538014274123096e-07, 1.8683363800360802e-06, 4.830975424710491e-06, 1.1302776444155743e-05, 2.3927977920047058e-05, 4.5835018661593074e-05, 7.944368441921464e-05, 0.00012459249833488969, 0.00017680517118520163, 0.00022702233360362602, 0.0002637623210447761, 0.0002772857044274268, 0.0002637623210447761, 0.00022702233360362602, 0.00017680517118520163, 0.00012459249833488969, 7.944368441921464e-05, 4.5835018661593074e-05, 2.3927977920047058e-05, 1.1302776444155743e-05, 4.830975424710491e-06, 1.8683363800360802e-06, 6.538014274123096e-07, 2.0701757179124758e-07, 5.931152735254121e-08, 1.5375935810178683e-08, 3.6067376927053564e-09, 7.655227674012536e-10], [5.685811513943025e-11, 2.960590585424831e-10, 1.3948734266087968e-09, 5.946505151799223e-09, 2.2938200790971444e-08, 8.006218758761282e-08, 2.5285183317345056e-07, 7.225623237724308e-07, 1.8683363800360802e-06, 4.371247329890215e-06, 9.253930669995695e-06, 1.7726282027240682e-05, 3.07241318192835e-05, 4.818503032078851e-05, 6.83778128562131e-05, 8.779884964489543e-05, 0.0001020077099895915, 0.00010723775711956544, 0.0001020077099895915, 8.779884964489543e-05, 6.83778128562131e-05, 4.818503032078851e-05, 3.07241318192835e-05, 1.7726282027240682e-05, 9.253930669995695e-06, 4.371247329890215e-06, 1.8683363800360802e-06, 7.225623237724308e-07, 2.5285183317345056e-07, 8.006218758761282e-08, 2.2938200790971444e-08, 5.946505151799223e-09, 1.3948734266087968e-09, 2.960590585424831e-10], [1.9896800830595183e-11, 1.0360224055032424e-10, 4.881188672024464e-10, 2.080906627898508e-09, 8.026942353452265e-09, 2.8016781713324292e-08, 8.848240135934659e-08, 2.5285183317345056e-07, 6.538014274123096e-07, 1.5296644514299317e-06, 3.2382996690889833e-06, 6.203095232722127e-06, 1.0751533532234488e-05, 1.686176105130949e-05, 2.3927977920047058e-05, 3.07241318192835e-05, 3.5696348425741145e-05, 3.752653934614948e-05, 3.5696348425741145e-05, 3.07241318192835e-05, 2.3927977920047058e-05, 1.686176105130949e-05, 1.0751533532234488e-05, 6.203095232722127e-06, 3.2382996690889833e-06, 1.5296644514299317e-06, 6.538014274123096e-07, 2.5285183317345056e-07, 8.848240135934659e-08, 2.8016781713324292e-08, 8.026942353452265e-09, 2.080906627898508e-09, 4.881188672024464e-10, 1.0360224055032424e-10], [6.3000587359781304e-12, 3.280427874828626e-11, 1.5455638118394595e-10, 6.588915520372442e-10, 2.5416250947890233e-09, 8.871143250105152e-09, 2.8016781713324292e-08, 8.006218758761282e-08, 2.0701757179124758e-07, 4.843480101347559e-07, 1.0253647455015941e-06, 1.9641280346397435e-06, 3.4043308435172935e-06, 5.339053545328193e-06, 7.576477626377028e-06, 9.728389841234114e-06, 1.1302776444155743e-05, 1.1882282184540716e-05, 1.1302776444155743e-05, 9.728389841234114e-06, 7.576477626377028e-06, 5.339053545328193e-06, 3.4043308435172935e-06, 1.9641280346397435e-06, 1.0253647455015941e-06, 4.843480101347559e-07, 2.0701757179124758e-07, 8.006218758761282e-08, 2.8016781713324292e-08, 8.871143250105152e-09, 2.5416250947890233e-09, 6.588915520372442e-10, 1.5455638118394595e-10, 3.280427874828626e-11], [1.8049970483586804e-12, 9.398583218922806e-12, 4.428114459455254e-11, 1.8877559026932602e-10, 7.281877814772905e-10, 2.5416250947890233e-09, 8.026942353452265e-09, 2.2938200790971444e-08, 5.931152735254121e-08, 1.3876802825329553e-07, 2.9377191811753475e-07, 5.627321035718641e-07, 9.753571167668019e-07, 1.5296644514299317e-06, 2.170697183260926e-06, 2.787230355239517e-06, 3.2382996690889833e-06, 3.4043308435172935e-06, 3.2382996690889833e-06, 2.787230355239517e-06, 2.170697183260926e-06, 1.5296644514299317e-06, 9.753571167668019e-07, 5.627321035718641e-07, 2.9377191811753475e-07, 1.3876802825329553e-07, 5.931152735254121e-08, 2.2938200790971444e-08, 8.026942353452265e-09, 2.5416250947890233e-09, 7.281877814772905e-10, 1.8877559026932602e-10, 4.428114459455254e-11, 9.398583218922806e-12], [4.679279052815685e-13, 2.4364911633756467e-12, 1.1479455466390194e-11, 4.893823322500203e-11, 1.8877559026932602e-10, 6.588915520372442e-10, 2.080906627898508e-09, 5.946505151799223e-09, 1.5375935810178683e-08, 3.597425981370072e-08, 7.61575086232331e-08, 1.4588281720378068e-07, 2.5285183317345056e-07, 3.9655061108944957e-07, 5.627321035718641e-07, 7.225623237724321e-07, 8.39497650264131e-07, 8.825396151982696e-07, 8.39497650264131e-07, 7.225623237724321e-07, 5.627321035718641e-07, 3.9655061108944957e-07, 2.5285183317345056e-07, 1.4588281720378068e-07, 7.61575086232331e-08, 3.597425981370072e-08, 1.5375935810178683e-08, 5.946505151799223e-09, 2.080906627898508e-09, 6.588915520372442e-10, 1.8877559026932602e-10, 4.893823322500203e-11, 1.1479455466390194e-11, 2.4364911633756467e-12], [1.0976198354902446e-13, 5.715284341310181e-13, 2.69273917591107e-12, 1.1479455466390194e-11, 4.428114459455254e-11, 1.5455638118394595e-10, 4.881188672024464e-10, 1.3948734266087968e-09, 3.6067376927053564e-09, 8.438492488460912e-09, 1.786428873825768e-08, 3.421977445942567e-08, 5.931152735254121e-08, 9.301899108702376e-08, 1.3200023165448103e-07, 1.6949165245302342e-07, 1.9692120567652354e-07, 2.0701757179124758e-07, 1.9692120567652354e-07, 1.6949165245302342e-07, 1.3200023165448103e-07, 9.301899108702376e-08, 5.931152735254121e-08, 3.421977445942567e-08, 1.786428873825768e-08, 8.438492488460912e-09, 3.6067376927053564e-09, 1.3948734266087968e-09, 4.881188672024464e-10, 1.5455638118394595e-10, 4.428114459455254e-11, 1.1479455466390194e-11, 2.69273917591107e-12, 5.715284341310181e-13], [2.3296758611484814e-14, 1.2130575212867967e-13, 5.715284341310181e-13, 2.4364911633756467e-12, 9.398583218922806e-12, 3.280427874828626e-11, 1.0360224055032424e-10, 2.960590585424831e-10, 7.655227674012536e-10, 1.7910529328280182e-09, 3.791659088551094e-09, 7.263077793821226e-09, 1.2588751505146312e-08, 1.974309238562865e-08, 2.8016781713324292e-08, 3.597425981370072e-08, 4.179612690836143e-08, 4.3939060159224585e-08, 4.179612690836143e-08, 3.597425981370072e-08, 2.8016781713324292e-08, 1.974309238562865e-08, 1.2588751505146312e-08, 7.263077793821226e-09, 3.791659088551094e-09, 1.7910529328280182e-09, 7.655227674012536e-10, 2.960590585424831e-10, 1.0360224055032424e-10, 3.280427874828626e-11, 9.398583218922806e-12, 2.4364911633756467e-12, 5.715284341310181e-13, 1.2130575212867967e-13]]}